#dummy script

x <- 1:10


y <- 42
